epoch	loss	acc	val_loss	val_acc
0	7.172755071851943	0.19374999403953552	8.955299133724637	0.17499999701976776
1	6.585837144321865	0.3020833432674408	6.286875247955322	0.45277777314186096
2	5.969668979114957	0.4541666805744171	5.74585403866238	0.4472222328186035
3	5.473473188612196	0.5631944537162781	5.360256534152561	0.5861111283302307
4	5.0690630171034075	0.6006944179534912	5.054155021243625	0.5805555582046509
5	4.7027020123269825	0.6722221970558167	5.069336186514961	0.5527777671813965
6	4.371112083064185	0.7027778029441833	4.6343426280551485	0.6000000238418579
7	4.114410927560594	0.7229166626930237	4.5103119850158695	0.6499999761581421
8	3.835626823372311	0.7520833611488342	4.221654351552328	0.5555555820465088
9	3.5804044365882874	0.7763888835906982	4.0358717759450276	0.6361111402511597
10	3.3465380403730602	0.8055555820465088	3.8055906189812556	0.6527777910232544
11	3.1851014720069037	0.7951388955116272	3.6388074027167425	0.6972222328186035
12	3.003172731399536	0.8305555582046509	3.275104061762492	0.7416666746139526
13	2.8131205850177343	0.8368055820465088	3.2406666013929577	0.7361111044883728
14	2.6329559087753296	0.8659722208976746	3.4883632977803547	0.675000011920929
15	2.4784476346439783	0.8791666626930237	3.2215510898166233	0.6666666865348816
16	2.344572211636437	0.8826388716697693	3.1177126831478543	0.6888889074325562
17	2.2778304775555926	0.8784722089767456	3.4114643414815267	0.6666666865348816
18	2.0836306737528907	0.9152777791023254	2.770304414961073	0.7361111044883728
19	1.9715440293153128	0.9222221970558167	3.3190455860561796	0.6805555820465088
20	1.8874686267640857	0.9222221970558167	2.754226745499505	0.7166666388511658
21	1.7424282206429376	0.9513888955116272	2.838673464457194	0.730555534362793
22	1.7079184790452322	0.9326388835906982	3.4745897637473213	0.6583333611488342
23	1.666462278366089	0.9222221970558167	2.3954269991980657	0.7583333253860474
24	1.5529071317778693	0.9409722089767456	2.7932557344436644	0.6944444179534912
25	1.485598823759291	0.9548611044883728	2.8298945638868545	0.7083333134651184
26	1.4864888548851014	0.9243055582046509	2.8975171777937145	0.6472222208976746
27	1.3346729437510172	0.9624999761581421	2.240908816125658	0.7916666865348816
28	1.2675829827785492	0.9715277552604675	2.34599592950609	0.7416666746139526
29	1.2027747670809428	0.9736111164093018	2.852298355102539	0.7138888835906982
30	1.145119924015469	0.9694444537162781	2.2869083219104342	0.7166666388511658
31	1.1718344026141696	0.9479166865348816	2.5518247339460585	0.6972222328186035
32	1.1266853955056932	0.9548611044883728	2.6788841671413843	0.7194444537162781
33	1.0793211711777582	0.9590277671813965	3.240884478886922	0.6305555701255798
34	1.0276398999823464	0.9680555462837219	2.4717378245459662	0.7166666388511658
35	0.9753368556499481	0.9715277552604675	2.5973249951998394	0.6499999761581421
36	0.9653853201203876	0.9673610925674438	2.800955144564311	0.625
37	0.9857178684737947	0.9520833492279053	3.8530431707700092	0.6555555462837219
38	0.9480751822392146	0.9604166746139526	2.1861285977893408	0.7277777791023254
39	0.8613729119300843	0.9895833134651184	2.1144100189208985	0.7388888597488403
40	0.8508945984972848	0.9923611283302307	2.0766014655431113	0.7416666746139526
41	0.8409887158208423	0.9979166388511658	2.0923665603001913	0.7388888597488403
42	0.8437150875727336	0.9937499761581421	2.0577123867140874	0.7416666746139526
43	0.8266780962546666	1.0	2.058293824725681	0.7444444298744202
44	0.8321804261869854	0.9951388835906982	2.0409793655077615	0.7472222447395325
45	0.820287177628941	0.9993055462837219	2.0381248792012534	0.7527777552604675
46	0.8172512710094452	0.9993055462837219	2.0473751968807643	0.75
47	0.812212214867274	1.0	2.0690483609835306	0.7472222447395325
48	0.8113977077934477	0.9993055462837219	2.0482059584723578	0.7472222447395325
49	0.8053841478294796	1.0	2.0415952656004164	0.7527777552604675
50	0.8027407560083601	1.0	2.0602169235547385	0.7472222447395325
51	0.8049602488676707	0.9979166388511658	2.038030089272393	0.7583333253860474
52	0.7991348293092516	0.9986110925674438	2.0377821882565814	0.7555555701255798
53	0.7947071078750823	1.0	2.030660506089528	0.7527777552604675
54	0.7929719448089599	0.9993055462837219	2.028880908754137	0.7555555701255798
55	0.7911217047108544	0.9993055462837219	2.0211080961757237	0.7638888955116272
56	0.7892099565929837	0.9993055462837219	2.028393182489607	0.7583333253860474
57	0.7835579752922058	1.0	2.026870025528802	0.7611111402511597
58	0.7815071956978904	0.9993055462837219	2.032361590862274	0.7555555701255798
59	0.7784895701540842	0.9993055462837219	2.0331079840660093	0.7583333253860474
60	0.7766327712270948	1.0	2.0473936557769776	0.7583333253860474
61	0.7774574965238571	0.9986110925674438	2.0363477494981552	0.7666666507720947
62	0.7699716412358814	1.0	2.0091724925571017	0.7666666507720947
63	0.7679437842633989	1.0	2.033614146709442	0.7583333253860474
64	0.7652026914887958	1.0	2.0106790131992764	0.769444465637207
65	0.7665632638666365	0.9993055462837219	2.002497834629483	0.7666666507720947
66	0.759314920173751	1.0	1.9908814403745863	0.7666666507720947
67	0.7565980520513322	1.0	1.990468282169766	0.7666666507720947
68	0.7537443783548143	1.0	1.9998386555247836	0.769444465637207
69	0.753873355852233	0.9993055462837219	1.9974082112312317	0.7638888955116272
70	0.7486546370718214	1.0	1.9974134180280898	0.7638888955116272
71	0.7473806867996852	0.9993055462837219	1.995045863257514	0.7666666507720947
72	0.7462052414814632	0.9993055462837219	1.9901356909010146	0.769444465637207
73	0.7407394667466481	1.0	1.9750295850965711	0.7638888955116272
74	0.7383310639195972	1.0	1.9813054111268786	0.769444465637207
75	0.7397939082649019	0.9993055462837219	1.9774441454145644	0.7666666507720947
76	0.7338326997227139	1.0	1.9559550099902683	0.7722222208976746
77	0.7308990061283112	1.0	1.9626364959610834	0.769444465637207
78	0.7279609676864413	1.0	1.9503911005126104	0.7722222208976746
79	0.7254564119709863	1.0	1.9535496804449293	0.7722222208976746
80	0.7252238270309236	0.9993055462837219	1.9509075601895651	0.769444465637207
81	0.7203190363115735	1.0	1.954968355761634	0.769444465637207
82	0.7210063811805513	0.9979166388511658	1.9523388809627957	0.7777777910232544
83	0.7155235081911087	1.0	1.9504796862602234	0.7666666507720947
84	0.7148851497305764	0.9986110925674438	1.939229510890113	0.7666666507720947
85	0.7102695322699017	1.0	1.9375083340538872	0.769444465637207
86	0.7079381429486804	1.0	1.936379415459103	0.769444465637207
87	0.7074751612212923	0.9993055462837219	1.9318460067113241	0.7749999761581421
88	0.7069637603229947	0.9986110925674438	1.9344399147563511	0.7777777910232544
89	0.7015564405255847	0.9993055462837219	1.9287762469715541	0.7722222208976746
90	0.6987147675620184	1.0	1.928972640302446	0.7749999761581421
91	0.6958369586202834	1.0	1.9260209189520943	0.7749999761581421
92	0.6942088216543197	1.0	1.9236182742648655	0.7722222208976746
93	0.6917729341321521	1.0	1.9213250809245639	0.7611111402511597
94	0.6909077399306827	0.9986110925674438	1.9226197759310404	0.7722222208976746
95	0.6872343795167075	0.9993055462837219	1.9178341600630018	0.7805555462837219
96	0.6848960919512643	0.9993055462837219	1.9168068276511299	0.7777777910232544
97	0.6821468061870999	1.0	1.9098777029249403	0.7749999761581421
98	0.6794564753770829	1.0	1.8994427972369723	0.7805555462837219
99	0.6769013226032257	1.0	1.9121499631139967	0.7749999761581421
